age <- c(22, 67, 34, 78, 45)
sex <- c("M", "F", "F", "F", "M")
ht <- c(175, 163, 189, 178, 169)
wt <- c(78, 63, 97, 113, 78)
<<<<<<< HEAD
thedata <- data.frame(age, sex, wt, ht)
=======
mydata <- data.frame(age, sex, ht, wt)
>>>>>>> a2bca4965043ee3ddc7e34391eb6a2102aa32c08

# Going to add some new stuff