age <- c(22, 67, 34, 78, 45)
sex <- c("M", "F", "F", "F", "M")
ht <- c(175, 163, 189, 178, 169)
wt <- c(78, 63, 97, 113, 78)
mydata <- data.frame(age, sex, wt, ht)